# generated by Slic3r 1.2.9 on Sat Jul 16 18:32:29 2016
bed_shape = 59.6713x6.27171,58.6889x12.4747,57.0634x18.541,54.8127x24.4042,51.9615x30,48.541x35.2671,44.5887x40.1478,40.1478x44.5887,35.2671x48.541,30x51.9615,24.4042x54.8127,18.541x57.0634,12.4747x58.6889,6.27171x59.6713,0x60,-6.27171x59.6713,-12.4747x58.6889,-18.541x57.0634,-24.4042x54.8127,-30x51.9615,-35.2671x48.541,-40.1478x44.5887,-44.5887x40.1478,-48.541x35.2671,-51.9615x30,-54.8127x24.4042,-57.0634x18.541,-58.6889x12.4747,-59.6713x6.27171,-60x0,-59.6713x-6.27171,-58.6889x-12.4747,-57.0634x-18.541,-54.8127x-24.4042,-51.9615x-30,-48.541x-35.2671,-44.5887x-40.1478,-40.1478x-44.5887,-35.2671x-48.541,-30x-51.9615,-24.4042x-54.8127,-18.541x-57.0634,-12.4747x-58.6889,-6.27171x-59.6713,0x-60,6.27171x-59.6713,12.4747x-58.6889,18.541x-57.0634,24.4042x-54.8127,30x-51.9615,35.2671x-48.541,40.1478x-44.5887,44.5887x-40.1478,48.541x-35.2671,51.9615x-30,54.8127x-24.4042,57.0634x-18.541,58.6889x-12.4747,59.6713x-6.27171,60x0
before_layer_gcode = 
end_gcode = M104 S0 ; turn off temperature\nG28 X0  ; home X axis\nM84     ; disable motors\n
extruder_offset = 0x0
gcode_flavor = reprap
layer_gcode = 
nozzle_diameter = 0.4
octoprint_apikey = 
octoprint_host = 
pressure_advance = 0
retract_before_travel = 2
retract_layer_change = 1
retract_length = 3
retract_length_toolchange = 10
retract_lift = 0
retract_restart_extra = 0
retract_restart_extra_toolchange = 0
retract_speed = 40
start_gcode = G28 ; home all axes\nG1 Y60 Z5 F5000 ; lift nozzle\n\n
toolchange_gcode = 
use_firmware_retraction = 0
use_relative_e_distances = 0
use_volumetric_e = 0
vibration_limit = 0
wipe = 1
z_offset = 0
